2458218.224	10.112172318007 0.02
2458218.227	10.068172318007 0.02
2458218.230	9.99417231800696 0.02
2458218.233	9.95617231800696 0.02
2458218.236	9.90017231800696 0.02
2458218.239	9.85617231800696 0.02
2458218.242	9.82817231800696 0.02
2458218.245	9.79517231800696 0.02
2458218.248	9.77317231800696 0.02
2458218.251	9.78017231800696 0.02
2458218.255	9.78217231800696 0.02
2458218.258	9.78217231800696 0.02
2458218.261	9.79917231800696 0.02
2458218.264	9.78017231800696 0.02
2458218.267	9.78017231800696 0.02
2458218.270	9.76817231800696 0.02
2458218.273	9.80417231800696 0.02
2458218.276	9.80417231800696 0.02
2458218.279	9.83717231800696 0.02
2458218.282	9.84417231800696 0.02
2458218.285	9.89217231800696 0.02
2458218.288	9.92917231800696 0.02
2458218.291	9.97417231800696 0.02
2458218.294	9.98117231800696 0.02
2458218.297	9.98317231800696 0.02
2458218.300	10.028172318007 0.02
2458218.303	10.029172318007 0.02
2458218.306	10.029172318007 0.02
2458218.309	10.034172318007 0.02
2458218.313	10.065172318007 0.02
2458218.316	10.128172318007 0.02
2458218.319	10.086172318007 0.02
2458218.322	10.020172318007 0.02
2458218.325	9.98517231800696 0.02
2458218.328	9.93617231800696 0.02
2458218.331	9.91717231800696 0.02
2458218.334	9.85917231800696 0.02
2458218.337	9.83917231800696 0.02
2458218.340	9.80817231800696 0.02
2458218.343	9.78317231800696 0.02
2458218.346	9.79917231800696 0.02
2458218.349	9.77117231800696 0.02
2458218.352	9.76517231800696 0.02
2458218.355	9.73417231800696 0.02
2458218.358	9.73417231800696 0.02
2458218.361	9.72217231800696 0.02
2458218.364	9.73217231800696 0.02
2458218.367	9.73617231800696 0.02
2458218.371	9.81417231800696 0.02
