218.22398121145	10.699172318007 0.02
218.227036771852	10.711172318007 0.02
218.230092321545	10.742172318007 0.02
218.233136311661	10.779172318007 0.02
218.236191861819	10.821172318007 0.02
218.239247421756	10.859172318007 0.02
218.242302971449	10.855172318007 0.02
218.245358531851	10.885172318007 0.02
218.248402511723	10.913172318007 0.02
218.25145807166	10.898172318007 0.02
218.254513621818	10.899172318007 0.02
218.257569181755	10.944172318007 0.02
218.260624731447	11.004172318007 0.02
218.263668711785	11.008172318007 0.02
218.266724271722	10.992172318007 0.02
218.269779831659	10.923172318007 0.02
218.272823811531	10.887172318007 0.02
218.275879361689	10.845172318007 0.02
218.278934921626	10.832172318007 0.02
218.281978901498	10.790172318007 0.02
218.285034451656	10.740172318007 0.02
218.288090011593	10.706172318007 0.02
218.291133991465	10.725172318007 0.02
218.294189551867	10.692172318007 0.02
218.29724510156	10.684172318007 0.02
218.300300661497	10.657172318007 0.02
218.303356211655	10.619172318007 0.02
218.306411771592	10.630172318007 0.02
218.309455751464	10.625172318007 0.02
218.312511311866	10.629172318007 0.02
218.315566861559	10.689172318007 0.02
218.318622421495	10.689172318007 0.02
218.321666401833	10.732172318007 0.02
218.324721951525	10.794172318007 0.02
218.327777511462	10.842172318007 0.02
218.3308214918	10.928172318007 0.02
218.333877051737	11.029172318007 0.02
218.336932601895	11.062172318007 0.02
218.339988161832	11.057172318007 0.02
218.343043711524	11.059172318007 0.02
218.346087701641	11.065172318007 0.02
218.349143251799	11.033172318007 0.02
218.352198811736	11.012172318007 0.02
218.355254361894	10.979172318007 0.02
218.358309921831	10.927172318007 0.02
218.361365471523	10.835172318007 0.02
218.36442103146	10.793172318007 0.02
218.367476581618	10.723172318007 0.02
218.370532141555	10.745172318007 0.02
218.373587701492	10.717172318007 0.02
218.376631681829	10.678172318007